n_covariates <- 2
n_obs <- 250
rho_alpha_prior <- 2.42393
rho_beta_prior <- 14.8171
x <- 
structure(c(1, 2, 3, 4, 5, 5, 6, 6, 7, 7, 7, 7, 7, 7, 7, 8, 8, 8, 8, 8, 8, 8, 9, 9, 9,
9, 9, 9, 9, 10, 10, 10, 10, 10, 10, 10, 11, 11, 11, 11, 11, 11, 11, 11, 12, 12, 12, 12,
12, 12, 12, 12, 13, 13, 13, 13, 13, 13, 13, 13, 13, 14, 14, 14, 14, 14, 14, 14, 14, 14,
14, 15, 15, 15, 15, 15, 15, 15, 15, 15, 15, 15, 15, 15, 15, 16, 16, 16, 16, 16, 16, 16,
16, 16, 16, 16, 16, 16, 16, 16, 17, 17, 17, 17, 17, 17, 17, 17, 17, 17, 17, 17, 17, 17,
17, 18, 18, 18, 18, 18, 18, 18, 18, 18, 18, 18, 18, 18, 18, 18, 18, 19, 19, 19, 19, 19,
19, 19, 19, 19, 19, 19, 19, 19, 19, 19, 19, 20, 20, 20, 20, 20, 20, 20, 20, 20, 20, 20,
20, 20, 20, 20, 20, 20, 21, 21, 21, 21, 21, 21, 21, 21, 21, 21, 21, 21, 21, 21, 21, 21,
22, 22, 22, 22, 22, 22, 22, 22, 22, 22, 22, 22, 22, 22, 22, 22, 22, 22, 23, 23, 23, 23,
23, 23, 23, 23, 23, 23, 23, 23, 23, 23, 23, 23, 23, 23, 24, 24, 24, 24, 24, 24, 24, 24,
24, 24, 24, 24, 24, 24, 24, 25, 25, 25, 25, 25, 25, 25, 25, 25, 25, 25, 25, 25, 25, 25,
25, 26, 26, 26, 4, 6, 5, 4, 4, 5, 5, 7, 3, 6, 8, 11, 16, 18, 21, 4, 8, 10, 13, 17, 19,
22, 3, 8, 11, 14, 15, 18, 21, 4, 7, 10, 13, 16, 20, 53, 1, 5, 9, 12, 13, 18, 21, 24, 3,
7, 8, 13, 16, 19, 20, 50, 3, 7, 8, 13, 15, 17, 21, 25, 49, 3, 5, 9, 11, 16, 18, 21, 24,
26, 49, 4, 7, 11, 14, 16, 19, 21, 24, 36, 37, 42, 45, 47, 50, 5, 7, 11, 14, 15, 18, 22,
24, 27, 30, 37, 41, 44, 46, 49, 4, 9, 10, 15, 18, 20, 23, 26, 28, 34, 36, 41, 44, 45,
48, 5, 6, 11, 14, 17, 19, 22, 26, 27, 30, 33, 37, 39, 42, 47, 49, 5, 7, 12, 13, 18, 21,
24, 25, 28, 32, 35, 39, 42, 45, 46, 53, 4, 7, 9, 14, 15, 18, 21, 26, 29, 31, 35, 37,
41, 44, 45, 54, 57, 4, 9, 12, 15, 17, 20, 22, 25, 29, 32, 35, 37, 41, 44, 49, 54, 6, 7,
10, 14, 18, 20, 22, 25, 29, 32, 34, 37, 40, 43, 47, 51, 53, 57, 4, 6, 10, 14, 16, 19,
22, 25, 27, 32, 34, 37, 40, 43, 48, 50, 54, 58, 8, 9, 13, 17, 19, 23, 26, 28, 31, 34,
37, 41, 44, 50, 51, 6, 7, 11, 13, 16, 21, 23, 27, 30, 32, 34, 39, 42, 45, 49, 54, 8,
10, 13),
.Dim = c(250, 2))
y <- 
c(4, 0, 32, 0, 0, 6, 4, 0, 1, 45, 52, 5, 46, 31, 6, 15, 124, 62, 107, 74, 57, 3,
31, 46, 40, 27, 29, 44, 17, 62, 94, 135, 143, 97, 80, 0, 0, 342, 64, 35, 68, 327, 35,
6, 73, 89, 79, 26, 32, 168, 133, 0, 136, 304, 83, 48, 12, 111, 41, 10, 0, 115, 183,
307, 679, 26, 43, 27, 67, 7, 1, 179, 63, 48, 74, 21, 21, 10, 27, 24, 12, 11, 1, 25, 5,
209, 198, 38, 113, 145, 63, 29, 48, 17, 0, 1, 7, 6, 4, 1, 1713, 21, 58, 44, 33, 31, 19,
107, 37, 119, 35, 3, 2, 2, 0, 122, 54, 45, 55, 83, 31, 24, 8, 10, 767, 28, 20, 5, 6, 0,
0, 75, 226, 28, 14, 35, 12, 46, 9, 9, 33, 6, 179, 2, 1, 2, 0, 15, 98, 22, 47, 67, 20,
7, 32, 81, 9, 1, 11, 2, 8, 0, 0, 0, 3, 12, 16, 51, 23, 69, 39, 5, 47, 3, 28, 1, 5, 51,
0, 0, 164, 49, 120, 17, 47, 29, 170, 13, 0, 79, 5, 13, 0, 3, 4, 0, 2, 6, 0, 59, 35, 35,
9, 29, 107, 11, 15, 7, 9, 1, 105, 1, 0, 24, 0, 0, 66, 77, 103, 37, 188, 10, 415, 9, 7,
2, 14, 3, 3, 0, 1, 14, 46, 50, 23, 19, 22, 3, 39, 2, 10, 4, 1, 0, 0, 0, 0, 170, 10, 29)
ye <- 
c(2.8079055, 0.12833066, 51.48571, 7.3046351, 5.8476511, 5.7880622, 10.396495,
0.84993784, 2.3783082, 58.144073, 47.729256, 4.8010997, 66.614769, 50.29044, 4.3733269,
17.405913, 118.52939, 86.619977, 78.657199, 114.06701, 104.95877, 2.2954138, 40.158531,
42.302459, 52.362386, 29.689173, 29.218903, 68.015308, 32.900904, 62.185461, 87.4316,
141.65653, 141.22714, 123.58541, 98.554211, 0.34821039, 0.001, 396.51826, 64.660394,
29.543396, 55.312306, 412.31784, 46.352508, 6.2909621, 78.163638, 115.09998, 74.322633,
25.387099, 27.881239, 169.90848, 133.48166, 1.8067821, 167.21566, 290.92892, 87.058757,
29.640872, 19.489799, 125.93309, 41.783712, 16.848286, 0.21993524, 127.20582,
177.52261, 311.59822, 767.71236, 41.451931, 55.667646, 38.134755, 60.12356, 8.5315266,
2.7579936, 175.22942, 60.056009, 45.786527, 72.341196, 25.070173, 21.690175, 10.57575,
35.711475, 21.375488, 20.002431, 9.6746873, 0.85546808, 18.805409, 2.5544882, 216.8167,
220.52428, 38.1466, 141.2575, 122.98356, 56.383073, 22.667169, 42.94846, 19.170851,
0.91188566, 2.2579429, 2.8114207, 5.8534102, 3.9541432, 3.9002465, 1598.0077,
19.456837, 55.57457, 47.437094, 32.691523, 17.311103, 17.736093, 107.75481, 30.49434,
104.95783, 38.29627, 1.5829231, 3.8265142, 0.39171756, 0.023453171, 110.37954,
60.202321, 36.505843, 56.918281, 95.043703, 34.872602, 16.137712, 10.725773, 16.935231,
737.71698, 16.669716, 21.87579, 5.2770556, 6.4390779, 0.1757917, 0.028401166,
63.768107, 213.19376, 25.92105, 16.050637, 18.844468, 15.446136, 38.206297, 9.6948426,
11.340326, 21.957164, 6.3093907, 157.43093, 3.6383763, 2.1390241, 1.9017458, 0.1529444,
15.197767, 98.517541, 24.252967, 31.827813, 62.439111, 25.699775, 11.844879, 26.487958,
62.531464, 8.4113858, 3.3846724, 7.6661352, 1.6566176, 6.1771674, 2.0841611,
0.57142167, 0.70988057, 3.036213, 14.611087, 17.426813, 48.278151, 18.632297,
68.564754, 30.769108, 4.8862493, 26.441305, 7.7813322, 25.727677, 0.9864188, 1.2145425,
44.949764, 0.13903797, 0.20417439, 146.46798, 49.513223, 84.972886, 17.998721,
35.507648, 22.079289, 179.54699, 15.408957, 0.45479332, 52.777928, 4.4351054,
12.879771, 0.895328, 1.6712497, 4.6306127, 0.055226084, 2.5540894, 3.3616155,
0.39481028, 55.53204, 25.966506, 36.125211, 16.991068, 27.890157, 109.40946, 12.833251,
9.1068086, 10.312683, 5.5071067, 1.516798, 97.002265, 2.2650819, 0.0040105089,
25.093921, 0.03326521, 0.63403667, 55.809331, 61.876961, 76.454059, 26.253281,
160.28843, 7.3469814, 347.95782, 12.487016, 6.0486533, 4.5960256, 8.0281325, 3.1072764,
1.0496475, 0.045555971, 1.5793621, 8.2507844, 35.70347, 41.63295, 21.547638, 15.856443,
15.712241, 1.0592478, 23.360356, 4.2270488, 4.8329137, 2.37178, 0.75072895, 0.6329216,
0.05487123, 0.0021761201, 1.1067772, 136.7522, 10.983757, 24.500563)
